-1.9173287164094504
-1.6225555415272628
-1.028380978496501
1.097277097220717
-10.413010338125247
-4.402781118256762
1.4172086535699762
-1.130660531891891
-1.6347453038577018
3.821738731297597
-3.1170778568997344
-0.752506049510428
-1.2477211744930303
-2.2079696150318324
-3.877517011555681
-1.807771572249721
6.711013757285462
-5.157547105579107
-1.4818113491392795
-1.9470069368126917
-1.587346558809399
-9.336337444663293
-0.8747382080582895
-4.162761291303645
-3.9903776927054
-2.1135355037035364
-3.4650657228087987
-6.815802771028218
0.7340360236660077
0.8163449334740028
-3.801595752737566
0.22237665851218155
3.2101239739069376
4.932396329265877
-6.6877386163814405
3.065592434710167
1.9898608905080248
-27.692833067382196
-0.5776531051935615
-1.497495453643413
9.338320719576616
-1.6365027137387829
0.41746908622205137
3.044661383651964
2.5040491511500367
0.9518685035916246
-1.5561740800645967
-1.541104754767627
0.7957798982549029
0.8110790386276575
3.9858922160084833
0.32627876119760757
4.476543925581468
3.9309267681667444
-9.445114719689766
-1.7749837659252075
2.2569191804096578
-0.7002908807911907
-6.221023224678234
-0.9201754779941788
3.011939246096963
-7.590226432135225
4.591370920580023
-1.6027009417994198
1.01691226115197
1.928722121196889
1.6121713057840856
3.6320518267339277
4.383688742144522
4.464742766987186
4.218135436799481
4.875354380572217
2.709516614905216
4.148873727511738
-0.22296777993410594
8.266880057374049
2.43229826886723
1.8209343865966225
3.176491074528019
9.548851248150616
-3.229985962289898
2.8096353183469964
3.3666539409815064
-3.914625792143013
4.689383389926101
5.619126033095159
4.2132455655213334
1.560473048914027
5.23043181361191
2.9292552366645945
5.58810703900229
3.1899487068843415
4.808868464240467
6.783756974053726
0.8953275256407882
4.71797884760268
2.5086286275886818
0.5323033522107794
5.999280759490367
4.063948859733324
-10.989761118798844
5.012717975224715
2.4898541433853154
1.3441067952333603
5.2580901248126946
2.1867165559341246
3.8156169670680002
7.920551241465238
5.281384041899076
3.4234914978289024
4.946899588140636
9.854368316444242
2.5347409771740153
2.0546362435188903
5.2694918298958235
5.434629218088734
6.242193851247956
3.8886021973347615
2.390081299086808
6.408853015988658
2.8463897930962565
-0.36151157180801863
9.692365794183317
8.141969256334674
0.8528914611050302
2.268428962493608
8.77730536049282
0.21847447863484282
4.786464855625888
3.9970107362896288
4.086908091727714
3.2334563922357638
2.9051751040827183
0.6556589478110625
6.548509719424923
-15.791260992441499
3.2396592193441975
4.855898785528921
-0.1942222970293189
3.6175121676242026
3.62069837328279
-0.7289633796106122
4.218396531741136
4.296740549362043
120.0
-0.11016373301290253
4.281526183852473
-3.346964578223762
6.437902991526665
5.4266492317054285
1.9030358644117646
2.330276170905693
8.418332663877846
0.709724868634333
5.535285870311362
7.054283414259026
-0.1379616787389066
7.522133646635318
0.5305018769262638
5.575099809704073
1.074380590825476
2.0523849325873815
3.8650930807251385
2.61440354706804
3.859645432209393
9.051369257030741
-1.7473719323613175
3.9259870538067387
0.7048373555979032
4.4186213093330045
2.513154678441967
1.7540890811524419
9.033703706737349
3.403490871789241
4.208181647990112
4.19597826241046
1.4623584872481181
2.7231882402470067
5.242656051584737
3.567046769610491
3.3774127981580078
1.2342512285562361
3.7072966998410353
2.292643148452674
3.7821532708223113
1.2927349862739554
5.627739982596929
2.6857003095945697
9.586122171289365
3.0064044898224815
4.9181884551295285
6.360926626565459
5.120866893720282
0.8685767666438048
2.943848061391394
2.6435780856141653
4.114566299585882
7.000609465978903
10.949292635738058
4.0525454284603954
4.138038849778671
4.671591465379367
4.453752473814516
9.93665280873189
7.466724345325465
4.556307526404403
5.527242469563845
4.108638490745168
-8.272346709319862
4.9175525860463765
15.238833148237983
-16.59096263869266
5.388755849882126
1.736057229966116
7.08950735614456
1.6376291032686046
6.45460651590965
9.6983948045367
-4.4779409718702405
7.397791895893578
1.2580389247796382
6.247762118713902
11.47274930089145
2.3172938484294576
5.555412090403522
6.126238361717363
3.448179701390775
11.14021718986418
3.3326576755704336
5.488841402297863
5.924955876748287
6.0483304886895475
2.9976247431770737
3.330873893550822
6.320854816742823
4.417112069240807
2.3866544813586117
6.736064053667133
2.44154897167961
7.756788864509897
-100.0
6.775024640313232
3.459112696023643
-11.82825056169094
10.584929298861633
2.3874369014887336
3.1793158165218465
5.122691765333516
7.1733681404652465
6.260040204554084
9.116108413858289
0.4036618384113976
8.411941749264596
9.090914040922678
8.476162086739034
7.7991927112864925
5.647577371622213
1.623412542875454
13.160793577221318
7.521458195003949
7.3151395078917325
0.9399996643939331
8.72547063911357
4.163798884654071
9.1471599589327
4.886215057130898
5.559646506216895
6.054207463053482
5.315695397396299
5.503414236422725
5.807188546423833
7.086320751082311
9.768560634006958
7.820628494867013
6.188416363798308
5.417438496863583
4.883484101387402
6.187975579521701
7.933665918495584
8.184544366695366
10.236951374822727
16.514843258864694
6.864318925347343
7.835677763717651
9.48145936500333
8.987666233776372
3.850639895108147
-2.313631045432026
4.499162367422952
3.47349569183276
6.066798335213672
5.3787187902131635
9.078657354678706
2.587615748038579
2.764596463705122
1.6285368439345433
5.899974168666166
7.3808624994858585
7.25070250024037
8.849020574917184
6.867773026353459
2.9899025086035027
3.300958092586509
3.253034874071128
4.537333551064453
-23.088349344351837
9.601011015487982
12.886411191740422
2.209288443178356
3.0354121614954677
10.043801889148986
7.7024018027290415
3.768007434477962
-2.3441871812378046
9.123158413243935
-8.272748295400573
9.473299725905322
5.693499988749366
10.822608411843854
6.197713518554675
7.904765990191493
14.180925995329593
8.524855731177508
10.569446257049343
7.9285613769030565
12.184842148541948
7.916489843574785
10.21391281144606
1.8642562408754422
13.680692627128051
8.735720746581123
10.967252623278247
2.4942052944339266
9.492999695493289
-15.330531174158885
12.78963257736223
-1.4434011145172205
14.60520181572191
6.685233534058313
6.6362977222114985
8.638004821672117
-14.765829750801492
9.51894868182898
9.007881977720894
5.147032531785554
-9.643907925190598
3.7568196669182035
9.117423880518102
20.52337977508761
3.488423332444313
4.024916882075045
7.957314430624973
3.630312948768072
-9.78912196661614
6.129483938593141
9.236333918025231
-1.4177624539269595
9.888321888314966
3.8989831645293545
9.052084230235488
6.789548998517666
5.5534577617749665
-13.937101045430325
7.607799992067966
8.96623591857324
4.679858085042255
8.673337643155488
10.994058649921207
5.970627433277301
8.470303673110497
5.519232563582019
11.488490942228022
7.889553947937704
7.8599629712815045
6.72494018523114
13.234987215075218
6.283697972694126
6.990050268264016
10.930762256501282
9.868777587388928
4.999699010677856
3.7155428340133434
8.700695326473042
4.604028636470352
7.447125664269709
12.535586016249095
-2.481145011113828
11.244104664422006
5.611259461140331
8.965920536631563
7.247268014519305
6.228480156502189
6.158024564823755
5.988885506671018
2.01133490299813
5.864139263125894
10.628511649909674
2.094553512813159
9.88728531966893
8.651532639623806
10.851117149813861
5.858686677280982
8.409500846097758
8.45967295479258
10.387377045371192
4.505402089336351
11.381428256061886
9.219449616443601
8.626324979046023
8.751715994868322
8.288688027017281
11.701192344824344
11.623927318136326
8.308260383476227
7.151701114934453
6.537263879078942
11.100365304817368
8.237108306293356
8.917604316444136
-18.787212562330186
6.670037365937658
6.549855449981956
9.606926917113984
8.968387226952776
6.561835537589045
3.4450041626445875
10.220546600783127
10.570494591220868
10.82944503158863
5.182795199749616
4.758815325124538
6.666246215754968
8.76509835126321
6.926597124606954
6.3809713410133355
6.314047956799603
120.0
8.757160394638696
5.225959815603858
7.439612517565486
3.4627368547188833
11.677240355828959
6.4288682375670945
6.595159836608529
9.553331433256112
5.507000417706024
6.564335002956913
6.722490831512075
8.436100695552891
6.067579231224398
8.254025782972901
0.9441353083364266
9.604366615359348
4.995526171797071
9.595401545337241
10.526576434340864
4.3084208743762655
25.758805686488863
7.049322231343136
4.000356174324334
8.493474029878659
9.263675695278677
4.04370337365155
10.126882932352789
9.41247455484528
10.940087776594064
6.202337074138196
7.058376951224469
6.159409936096312
9.893154256149677
7.353582152522232
3.9123781309498646
10.217603785636813
7.802528645637306
9.44866883185791
-24.263765859828172
8.94463919245421
9.113115335243457
11.095986282314739
3.181093219468092
7.335972701805357
6.332559014945165
31.7079022921091
3.909578320586556
10.48694949615104
7.274089498295601
6.272492112233276
9.008145855532446
8.913895636011254
7.387019819765135
5.541873946307562
9.968047844609181
9.72964629979874
12.285805448241923
9.892603340523202
9.818464596137035
7.173213477890341
7.0312618788544246
7.198658328491058
7.742697139657736
8.05946887019569
10.096695367284017
10.511249673739993
10.648446924924507
9.824098340929172
9.839990430830547
-10.642200493697562
10.70080714401721
8.250396446699737
7.312363848639253
9.706217404322373
6.5233466507688584
8.451994266594435
9.20634005550343
7.532793832346704
10.220925236143023
8.931821883964338
4.994925916524548
10.44782021236053
4.1388432505523545
10.212883556880673
9.18978125960071
11.452161438259282
9.797671805937
7.711881016963348
6.032904427230386
9.826012217928843
9.740309115941198
12.23924761829311
9.28649477429364
9.295808740093099
12.01868015524761
7.106664466011057
13.526574417926891
6.467547849952325
13.18651508983814
9.793528302453508
10.097831650101387
3.5707283863172172
7.041609345542105
7.328533578511393
8.463390500469734
7.158298699784113
12.960022327530902
5.600971796797301
8.804913645010107
6.0752783899730165
3.218829954989226
8.210577153345515
7.594911578569161
9.357835289585616
3.4274493567016426
10.909485425768072
13.890479398380721
9.40682169149793
8.877501285336104
7.81805215683282
10.790376523144106
6.994948116876394
8.72567272484903
8.054418592026156
9.888561651703442
5.4983270573486935
3.2302692074979196
7.244877535178005
8.30685791388859
3.55037606802885
9.50408553293201
11.156242530041808
8.153280302792352
9.351284490545078
8.815910589528322
10.34317424539503
10.560312557521241
5.7686986495549215
8.899694865152409
5.8107779807217685
4.3157346309023605
6.795896563901611
3.6817316644603237
9.8073257304478
9.588979119216075
5.419733881194677
14.158027864985723
7.496616925855808
5.3091202443025916
8.773526884247191
12.138797374286728
-10.708457823657225
9.167835074124259
11.499317163972647
7.72262542502047
6.614203684255638
6.800415611935593
5.706742566441814
11.349898389439128
6.8828546103219255
5.16158275819671
8.05770732587246
8.425772163483867
12.264715288616234
10.502976892042112
4.16008870826532
3.792227807186233
9.024012534808685
10.203313932388754
8.151651752791425
7.965126493843864
5.01943363829846
5.680350571264173
8.388801932001904
7.645910921723497
12.318413015899567
2.470762812613221
11.100825659168322
7.837587966310407
9.722259369201526
6.160614887988244
7.382722351696531
7.12718212478063
7.424540157644961
9.502873491740793
10.29738754201655
7.627142461805351
4.016989112136468
9.195856840802987
-8.363611498634835
8.377237790295288
3.9731880991201955
6.667941919662912
8.504806399171686
10.12291962124187
7.9641621339507935
9.976974106588461
4.095329227498872
10.76947431873064
12.851030319506137
9.466389529640205
5.827208444845939
8.966252541897871
-19.539542006060053
3.167818236134347
9.834693205667612
8.346916534136744
9.97203065218788
8.049876310098838
7.922752420986214
12.995955577941482
5.25185107441444
8.058678754197349
15.448208788992678
14.92842698461757
6.8909910337483185
120.0
9.511769322026696
2.0263416116315445
7.998579605110019
10.264481927971584
11.29594469197097
6.271367660136341
12.259177597333125
4.707830990085837
8.7969283550114
3.440849138125132
10.896435634615257
7.127189124628455
10.73968873691739
9.93206134280969
11.838905028996795
8.286337082687012
12.778738910124751
3.146983150044821
3.288604469563461
9.642433711964395
10.233957147592335
4.112676440636757
9.694073447250094
7.317483452126799
4.914382130521464
6.219556346569121
10.415189580898662
3.2280108022733565
11.69820094446122
10.458736438066408
8.83001671128014
11.672878367437237
6.4347579191739745
7.686869011110916
12.741663302706673
7.557894045106595
8.129237169632306
5.607295565177222
8.975534499568578
8.671275431065528
9.70996234235563
10.077717901061574
11.418503509663324
10.712491415139832
4.662267763270971
8.4931617861848
5.414776661802745
9.961782632753057
11.428801271767368
5.956330107380405
3.1882552353884748
6.285163879520303
10.623580918467049
120.0
13.702337241128207
12.371152502066801
5.625343960889611
11.958826936286759
8.574114191844407
9.646802873622947
5.404477646001123
11.194525193241375
11.97820262638867
6.8640247860146975
12.22356509847011
9.99083924635363
8.218473653615503
8.851187619067712
5.020303950862865
7.47204389575266
12.31745779780666
10.86880231371719
15.215888189882525
23.916883330804023
9.126138717518561
4.854458650450145
9.322760339203565
7.744922834676913
7.236257663079339
11.62297418715737
7.902147808533228
10.397638263912091
11.270315741563754
5.693603226789286
8.00283458561027
6.656400268421321
6.871722179146034
9.809835986834154
4.855396563702879
11.726525460365513
11.610345029015596
6.144688173508655
7.950299020826929
3.3032548694359662
4.673685160007196
11.462476862051703
7.551747874547189
3.8026238644749397
8.83085143292501
2.7085536025453654
18.212616428624212
9.921103157147503
6.00938216239771
6.778821593095109
10.268036892022716
12.053298372625836
10.88397769916195
7.630728182524984
9.040108619328118
4.471103151965716
7.872187594192347
4.780535112400436
9.694357463696832
4.07840685691516
11.643868904023808
9.283875500158993
8.317287349062427
4.599953442521778
4.817903514052701
8.46134097209435
9.382605826553256
11.030092762554077
7.482153197381452
11.259093410378638
7.423210959818609
11.299416589649992
10.490889956995513
8.053666639229611
7.38690999429932
8.535883092809561
9.35758020995391
4.0366603725639045
9.266198861298076
12.253451776433474
5.943479561558261
11.362518546539183
