2.1185858739385837
-0.12192501040187152
1.963718921057831
-6.683116404047441
4.755341919389375
-7.137808323068476
4.438372678300047
0.3346906292426888
-7.33135834382772
-6.887566664380939
-1.8438527578117483
2.0475078241920657
-10.286532161997465
-2.4000862639416782
-0.22236516466763687
-0.25265152492043896
-0.8115071095495315
6.4157313690637
-4.43772903282259
2.046584218887501
-8.379974371618447
-7.410050152019845
-6.761371573277525
-0.770310285224946
1.1596539267359152
-7.347629160234251
-0.804224074774724
4.926927474389327
-1.7799215902609904
0.763920709387543
-0.03766443258446252
-2.3147613476968494
-2.069550893885535
-6.070917281321863
6.429234521998684
-7.422234844896554
3.620736639807774
-7.972301658816187
3.0843136602093377
4.151443027791292
-6.87030803805966
1.044067986866215
3.0614489536877048
-12.105151055898563
-5.835440764332485
-8.890561106678655
-7.558248020738487
2.8004871634035116
-8.705959511514793
-6.496152282501201
-13.19984429793165
-8.53527209272185
7.229781584227934
-6.252801483252854
-4.60826168474517
-0.01717323067562404
-4.0979339146625104
-0.48838267262727525
-6.1005998796608765
-6.5612921238754875
-11.735863857035328
-5.104504387764628
31.25193153909608
-1.550133646775563
4.479745511114654
-10.226274111298249
4.343664399475173
-0.016270537892003556
5.550279754734083
3.2199370372657468
3.5493369414069518
1.2558490749663436
-2.9816558652431033
-1.648397856591124
-1.5110304084561923
-4.824462233956101
-6.342871596212025
-9.6216739016316
3.0951507589596887
2.861981837972295
0.5750018826454237
0.21999448860422366
5.5259840017454644
1.5515312308322382
0.4634732998263437
-6.505511094509958
-9.56406979691775
1.6055706275854797
-1.1947741653947863
-3.795919129275136
-7.018725058933945
-0.565603833768398
4.719303836289009
0.7762412800528674
6.225238542138446
4.906184280331978
0.13282599796209735
5.559402948368232
-4.8109291915553545
4.489926302269106
-8.497098842952518
-4.9902934681284785
-12.939167288390358
-7.45878658490098
2.3450792942769008
7.285706940816606
0.3166067067680274
9.608837841449494
-9.222971494313379
-10.062878761742837
-11.535134677718464
-10.13395031608992
-3.6583925824930756
-6.198879379619555
-6.803043598626685
4.176088716253728
-0.44293692372977544
0.052820698486081855
120.0
120.0
-11.671364783644853
5.403404601873297
-5.935794073972651
-2.423832677669449
1.410265887491642
-3.482357006003609
7.814178192445046
2.086247540496881
4.896057599115008
-1.020891516880243
-5.6356825793962395
10.177287258458984
4.704406030801428
-6.2534765919254
4.1745251803879775
-3.0816351610632746
-2.905045295463891
-3.4569415775656926
-5.082628172832329
3.4761099573623238
-5.3638357035845825
-3.7420935516691243
-4.647079361189561
0.27491744162828075
7.612618249698103
1.8068354726750087
5.508712764443881
-0.700789964545343
3.852517261025089
-4.560670346272557
2.8463827310899763
-1.3484258380735448
-4.5888494310127195
3.029691392368625
-0.9580774502487
1.175932314341237
-0.7524871355306567
6.513082194194541
0.21586970353765106
-9.12536615560185
-1.0404500851715743
3.858912373406412
1.799923965463926
9.999987915785479
-9.330766566318582
-3.4329881209194184
2.857162371654997
0.03806528901419287
3.67845735879351
6.497033954055722
5.623168194112342
-2.093728281921432
6.910825632277259
6.400207795360377
8.687293404117584
-4.087545468203835
2.5188002431161487
-2.4186085853069876
-4.416696910808137
7.0708725250944235
-1.2526791606191514
-0.8690602357301515
-2.3553879890628426
-2.8614919357425146
2.863572980143465
-0.07483981984877677
10.41629694376128
6.27311758636605
-25.397917303368633
11.728121604762908
1.6834454231862812
1.5251561362559949
-0.05929407702124498
-9.805435023705924
19.20593529093587
-11.174196757917741
7.625572925414938
1.3201994966709527
2.5408032204127466
-5.380747848024684
3.4931010117286148
-5.51724134162538
2.090102265542806
0.3937525736980033
-10.524415124755071
6.12800288367943
-2.887335375272573
-10.412467474838905
0.17094364488027114
4.072098909036872
0.06161089813614593
5.030391425754904
1.1500651888084912
3.090389043723785
4.586992041962823
-2.475300728885119
-0.34653394402049925
3.001749098300021
0.8305483025587203
0.15691315921147753
-0.6786821694426488
-0.7196213405036938
2.5087830280752126
-2.501423938320664
0.7229660291766693
-0.429682065930681
3.055301914883296
7.547940846164836
28.834733503813872
-3.1414264964036485
16.69256729540924
-13.94528766277242
-2.925287650863838
-0.14929704079406272
2.659600376464911
-3.6448693968011985
-0.9164528173122473
6.757168099105942
-8.166366453838782
-6.846322600445924
-4.651687601267358
2.771021627647889
5.65827731490738
0.6764731822573785
4.056834345602306
-3.206483090906511
1.696417667205186
2.6943173871220973
3.4306590465409905
5.393969416531299
62.39611181954298
2.9223533751938744
-3.1209843664706747
4.628515473692239
5.759200645800414
1.736948156804077
-3.125996300739721
4.683019677374527
2.636210519975447
7.167535124784691
6.96819643419659
-5.060739840689466
8.764315827240658
2.7855003207291316
5.941671988562217
4.9815459757108576
15.367292882709336
2.344811112933749
3.7083185230425473
-6.640834680270531
3.6006441227091566
4.117250160647892
2.5655735153439614
-6.200821406185643
1.939199614913509
7.659910281326516
3.313894518166264
4.985570079351975
-0.6574467210691269
4.783776797206004
5.497549561173067
2.1327749840014136
0.6028066543517066
5.509752061114778
1.7992591820069106
9.477946856917912
1.1900343981439392
4.119269661648018
-8.410207270679942
3.7541618410026443
-0.5953012825003969
3.510431141882877
1.5454780600716915
-0.8768307728972392
4.660559986378089
0.8837756917089788
0.5815023323934547
3.744441037796878
-1.6857292233037604
1.6902410281483748
5.581909323882117
3.2154566381869976
1.6939111234142548
4.480172031626559
1.8092546293290832
3.3569684915348605
3.6009464485689358
2.852676213274816
1.6196216791454061
-9.945812387376854
10.296310075481474
-6.5176959113323845
4.722317741092869
-5.383112953625694
3.2164474725272085
11.843461149995466
-4.2753945552128165
-2.4491867319448417
6.04069326128785
3.4702490939457067
0.29158321991950553
-0.4793591210317137
1.4329921967721349
4.937834121954325
5.475161910019955
4.384355431459216
-8.030233873758752
0.7496384264675671
6.390990247563514
1.6467561792457435
11.593015420082521
-2.7730487911475707
2.229289742425701
7.178305470242718
2.2430311966172263
2.621658995053982
-14.023412387579159
2.120451444571688
-0.2113670400678667
-0.6057409147492959
1.5558684796007787
7.299780609466485
1.8346873379913584
3.1010092158386615
2.470237071897189
1.4200776458717095
3.302187260516601
-0.5002646078808122
2.369377910482592
0.6029513525947761
-6.05660329176139
1.8583332243671327
1.7472682604043541
4.541637564395621
-7.971789957957405
2.5443432677763416
1.3912814510056375
4.325182541984466
3.826653095380466
5.4525240225763145
1.1324835919726268
1.068182245081846
-0.19016708336550422
1.7712321097176256
4.200451257071113
5.388086021870567
5.373731088404133
1.4229119038514775
-0.12663827896658164
4.7975400246784305
2.0411089935095905
1.549965214527263
1.4370066689806136
4.07530993224061
2.6795953396605006
5.008563674564421
2.8403853618265487
3.2877705503892365
7.433363801603563
5.2814018236797695
0.1188512665522404
5.21118640053313
9.190556609454482
4.22638367875789
6.986798009062223
-35.330716568244384
2.3366956722465098
10.164251902753923
2.0713251715687813
19.735230710386748
-6.344648813393873
3.2210487698133163
-28.304623806925562
4.035772302140297
7.534793697878386
3.0650557219790393
7.708846578118241
6.406580602018534
0.7592628115162079
3.4647919453585305
1.858815747391452
4.0909404484618195
4.890995854642742
6.196672448459363
-0.2535358526673979
14.938143970063253
-10.495960802452943
2.725658233998248
5.81712063036056
1.8261499391667668
4.156207096894699
4.484298683148877
6.226884418926859
1.4555232802735043
0.6493779531568005
4.787065152395083
4.183252028069938
-4.180067899423031
4.052615088435788
1.6262570193301364
0.059780562900056636
-1.9026224192175905
1.459152109494157
6.495647544697243
-16.101529571190255
3.4944689354002443
5.351158524757711
-0.023725893222736185
2.127209337339095
6.07941660028724
8.164256547368508
4.047556488727967
2.169723227610931
4.056402974939195
1.2632015671343126
3.048073777631841
1.9333381883181102
2.6889386692797532
-3.8229005947527517
3.0993776894286067
4.594029668721252
7.4408227919909935
-0.5409192419235559
4.263349265741691
5.2136776930167565
2.487280740348141
2.930533251371732
-7.279022500828982
14.061643599433406
5.42134120691485
0.466331432775768
7.261379418181815
9.216146931453537
1.1229616009944758
8.92902130184123
2.2949408735931125
5.122257706422052
2.794568931508015
4.862075510637295
2.7359106402739477
6.173296249592805
6.684571227253392
-0.2185432762390892
5.687128008556153
2.908818836000586
6.04869398208052
0.4825894690150649
3.9998775566453557
3.0517690157794157
11.173542380625674
-2.577974961250465
6.662618832400011
-7.582748403187736
5.667908697080585
-2.858705323265097
9.072606439824847
0.35806495306908415
2.775894074659278
-5.435631692932914
12.560939554514666
-9.189096921794587
6.292125051944388
3.011125751960125
4.550697926305339
3.3768174776581628
3.1899344133031065
2.070755091243908
6.642721580648508
3.9571951825640843
0.9541759680556122
3.3045376136923297
7.999075283737532
120.0
-15.46262647943621
62.30129462897115
6.435959718121406
4.169279480802907
3.2031453835753307
2.5991917277981167
3.0220636727752015
5.384429624757779
-6.84156942307382
8.34625444641579
1.4386465297912197
3.6195324873361585
3.8752407644091873
3.262487366634971
0.8655279094570795
2.4499819516751877
-0.08712721610839613
1.8312430125847856
3.2593756054037044
9.118343527744553
3.9252654351844973
6.149326809369727
-2.7673283538964792
-5.457484721711779
2.019885377610172
4.442977507909544
2.604688863563831
6.137524619092919
2.613547807191871
9.481248471445557
9.847737005562836
0.4581337884195736
11.742316373969578
14.586337783424492
0.4548070968560486
15.436582647528715
-7.289539296063815
5.186688799265369
4.470279558605998
7.2450765631885785
-100.0
4.266281619920499
4.143416886784799
2.9115139587837424
3.6187018618207074
1.4046551035111055
5.212797748560532
-8.358740147037244
7.882987122676204
9.89935496698012
3.747115675781836
1.7931312637167054
7.055472741971713
5.672756843893499
1.9223453853234003
4.539875540493002
5.614669107644744
120.0
7.37349472855346
6.999817719310614
3.3821787818447637
11.965493916483902
4.803549989924241
7.250309159107855
4.6510911559866095
2.552597643510073
2.251026588726534
3.3330918829266487
0.8254411678805723
7.982978246724367
-18.931031548416627
5.185182133545901
6.738575859667234
2.330878461429816
1.9550868303990918
3.178609727211861
4.496297069869893
13.135689716658147
120.0
1.5394324786114824
4.12260362596543
-6.235162666149555
5.425634458745992
-0.662291135009963
2.7799311288694284
10.53039675527673
5.622654235693895
5.217232917046872
2.2827948337007697
-6.042293065391735
4.109741058328762
8.691044686674836
2.206191457785382
4.053251370426978
0.9504085980539085
1.1393952062278725
0.6502980337022103
7.401358635368598
-0.1766014550203839
4.803285483514999
5.42084702594963
0.08146093191741736
3.728313725417093
6.3539100532775015
3.516873218875316
2.8198092772467747
1.7962578337908268
2.832338717487921
2.3651453555920194
1.9055168414578363
15.350930634253988
-8.00652540832404
6.581076422298244
0.05747795235205014
-0.5689870581703127
2.3538611241797462
10.584556624593436
14.654659978704814
-11.658146521999937
6.654872754352798
-0.6640424612283848
3.3684551494118833
2.9402056606881786
4.962456569818903
-0.7190039241636954
2.1081883342157437
3.335112824508697
2.676362414933102
3.3342978463296165
1.503844937099786
5.568393778552708
-13.691155303468639
3.26126924741911
3.098484712699655
2.179693825528069
5.403953060701619
3.3827964962052053
3.9685924530038736
1.4624401420989028
-0.06361822540039769
5.906511159335387
5.500162634096302
3.411125852478415
6.584729495904086
5.337538320762755
0.2980761738518486
5.270880326833078
6.14569315469192
1.2936821975061494
5.363748820947064
4.46290212319688
4.5998069017863505
5.007711421144456
6.359200593068548
3.2143978477732573
3.5154643147447784
4.452234724686305
-38.14414318392035
8.40512176668552
2.693083920290084
7.372571662236169
6.995652312087982
6.936332166865205
-0.038699757012315726
2.833059661556288
5.9159714060546476
25.960568307597963
6.629360410161263
-11.977670497457584
3.949863935454455
1.6245686612444188
5.016090739605366
5.260463451099902
4.066593177972703
4.482041201761093
1.4552826676989508
5.344219472710802
20.842195325052067
3.590578715913195
-2.384532413156052
2.8962082958851387
3.541300344106512
1.633846901775278
1.4153857307292457
8.55799781485116
-2.348988106613776
0.19365736997704344
10.097113551702282
6.372029436327772
5.190933813546653
7.76492941232753
-1.5899866454689593
3.7995806246011483
-100.0
9.149197061059946
3.5038664386388305
8.134484341817478
-5.335295209311007
7.222020942851722
3.9545383836956733
6.713394858417056
1.7794619406111063
120.0
-5.6347876713902245
4.496097641526481
6.319386635437163
6.3221011196668595
-9.363668294767477
3.7548890706124896
3.544591720320778
4.237239143133142
2.660856977866193
2.548364511369154
7.668921137833477
-100.0
3.5806410283209638
4.05708409698895
11.985276208615398
8.620680427923636
6.610409849202647
7.299163056563776
4.405727275981975
3.0658519783083134
2.720346472532827
3.698679381208667
2.2549779928224187
1.9303566638521719
18.994739413799987
4.874385390191256
5.975723516674405
7.836341709528968
-16.85176442669409
1.647998669617049
0.7606926257069122
1.2988107014996757
9.744966207455011
-0.7082798986665565
3.505767117462722
-10.50454392079975
6.492881421451597
5.317097030727087
3.0790992139107183
3.8041178148684094
-24.07699226234035
2.164975301644331
4.572038666910048
5.341819389594497
3.6811844940173435
3.9322631229246108
9.436536270625487
-14.599039381520631
3.2962900243243793
7.11394429687742
5.549112369627266
8.211129754369868
3.314139725796295
-8.503095158748112
1.2467472496718426
8.010087486593498
2.1295293365043735
3.2252537153272796
11.143233743068317
-8.046868612658304
1.7177822170596373
3.2665714685184337
8.538660613003902
-6.249917926087775
7.831367543353917
7.068893561380306
3.0237872310931637
4.737646270023988
6.1981195531953235
-15.543504421156884
4.977516228595328
-0.041062673437503375
10.32098466783327
-13.279613474443373
6.192904071125689
4.831818098269222
5.315222535461245
-0.5118649875552094
-0.165258696320962
2.0531117959330665
7.336594967867287
3.630486359630046
5.159871835056244
6.138774809914346
4.647080380800675
8.140964048616702
8.90096720802835
2.435441583124356
8.538888058153232
7.604657020000683
5.77978060124555
-10.62269166905859
4.572010258937116
1.4625948272000762
7.393296797211113
-1.0985161676293358
4.468819537230278
5.858532277437406
-17.056100824164297
6.809810817089851
9.200002672462675
3.5235287676046254
6.798042416985346
3.3222745939029275
-2.2996675932971424
10.07833181827876
-7.764446258896624
10.852353624240667
12.263122931645293
-3.22568894455488
7.2402793376498416
3.587071299617821
0.3864828434711731
1.208852489450249
4.897537064936573
-5.741211967230204
3.3832109119629004
2.46193914318686
3.921291841469845
4.620325897801225
-6.108392236428636
1.567992381841088
3.823108548308617
-1.3984375181519009
120.0
2.4291168555177673
15.138734770734853
3.4137164346897633
2.4096047536984306
4.636731986363695
1.8573365046709607
2.42744227169766
2.60305532132031
8.459615442928637
-0.9584310140494711
4.875906559489358
1.465461073455727
10.702963504181424
-2.5603651796831945
2.439331195601335
5.235362135027835
4.450535012156303
3.844829529137847
4.668911166722333
6.252282249636707
4.806655766901136
4.251765493328257
15.048659819688579
1.9105866476649718
5.520168157295558
10.960928608593207
1.2042993721533604
4.6700098325553965
3.922868117218112
-2.865290757086602
1.2486120176583417
9.34431183629725
3.637828000747145
10.183902234924052
-7.96085297459381
3.9664561700330085
6.301108947697271
-5.538687458425506
4.797073669935616
5.812290210896882
7.159560412619525
-11.557521730525625
7.675577029522625
3.5478798110705134
3.2653416606004075
4.733086880776475
5.394756816168309
1.0870039777624216
2.409610190864773
4.748989442965928
5.087043569385385
3.7164301674560614
2.3456609642082813
3.2677589102473052
5.087549410147418
6.149872404571217
2.5502433154733692
7.18619710596925
-1.0905102073212491
3.4764609239967452
3.7799230640784183
7.739157089737522
6.757267190246128
5.833351601871491
7.404618275811677
6.8816439061170405
-7.04542674168397
0.7366637371589623
7.437333130002372
4.645252388465415
0.8735310772051169
2.429382795614855
3.223609290001806
4.176177792393266
5.212292061935966
2.9167346963906793
4.7551352455582645
1.2548404866207925
4.802608834727916
6.663973293675008
-13.307867446140529
5.402208027229883
5.505827530978024
1.4021546741615276
4.691169246499731
5.0187028766468815
6.434055640030747
-9.14554107017043
4.821806496069148
4.738180009709034
1.4982441584700712
4.091643925605036
0.9956299822167062
-0.03569838596463507
2.5329192050420564
3.6146392810615176
3.86685289548344
4.505237901938834
1.3645270654664803
11.537919459198875
5.214589382068434
-6.360705251123412
8.208972026516577
5.619468794516127
6.588618675933959
6.510598357719873
5.783478790193179
5.235723859314671
3.3998912320195367
-0.4417229506827097
7.908604331233955
-4.849116670140366
3.0188588349759344
10.915728857976328
4.293156369450327
5.045794377217965
2.675511991984029
6.109274183340992
2.599407058231352
8.068257529509916
7.51219048487265
3.218182539397433
1.9225266926629483
2.1906108836618188
0.3012002084356116
2.7430976929734765
-5.404853339600388
4.126301516922226
-4.074230560915196
-1.1862733386465372
5.10390487560063
3.4257035591310276
1.4927253775382148
1.1505456630338826
4.802178725151951
0.9068041403596647
6.8649668433210564
5.844304684034794
8.204747605977653
3.507274587227113
4.704165252403387
3.3054368563034
-3.0962879926341316
2.598511462789975
2.5956134839971137
13.973299864365648
-6.472810955431185
3.2698046811035844
12.091590660656399
3.8483689372920344
12.916195937815745
-9.632594802687748
3.086138128682466
7.862191324898419
7.507132980775413
1.5151490522440851
-1.3473601276423812
10.842496557722049
4.331893756476798
1.4765454011906687
3.4890270595867023
9.02599421388539
-2.2460025419711647
3.1189379752401987
5.431282153895768
6.529765493629713
2.9639235639328785
-7.357747340996475
4.727875012849305
-1.6624854264040565
10.798791464336501
7.087537919858585
-0.06823405609726223
2.4318903445371114
10.914098785900324
2.702214435745665
1.594121440402711
6.22050579702983
2.706130099224829
-1.495214633774511
5.060495122060424
4.1986099958455405
0.6244983741389329
12.648242746577019
3.614448241860882
3.6198818269555457
1.6851661412955523
7.804526684265952
8.69773745282253
3.0083744409284567
3.141308159230952
2.555428073459083
8.311519190979068
6.969742302531028
3.1969406705167747
8.805756189774913
-5.283520076197962
21.117118592831126
0.11703664716033717
2.9928365119751645
4.57869874896295
8.43448282977246
-7.619347363773439
6.398466186477082
-3.1060011562642686
11.009021004606335
2.1419188110788348
-4.490478792105451
5.351998686449301
-7.533339471017486
5.129732688938211
1.4618040676517705
4.804816120394266
8.430249673494737
-2.015595626376715
1.5265213063196739
3.8052446568113507
3.7433111899029448
8.433025959926296
1.9961845716179571
6.697687521394057
6.839644428611809
5.28836141159465
2.502576365373771
9.485952850093181
-6.311435255888216
1.2903391296273283
3.9752799070564278
3.877802342402242
6.375394110516823
-20.176167507363836
8.642011984518668
4.712372286143442
11.525101531408357
-5.890470931676756
0.9680387428040154
3.4774995332850285
8.754433895012866
1.010602363111224
9.588273728143399
9.549184428996607
0.3225484128054109
6.44427419137648
-33.96217581703909
8.088182332877311
0.2800520541120243
8.418569673661255
7.976906124365587
-2.834126832574963
7.202328536668654
6.724341425940777
2.8406553237813057
2.8235583759785547
2.706875851566025
3.736242723927737
-2.1894381834935035
2.433897500912263
6.9666869467369965
-14.85284930461468
7.3050181742725515
8.395123773056905
7.7304150051490055
4.844407028678711
4.7699925481611976
7.854824436911956
-3.728319215540907
7.358909929530834
-14.681512099677017
7.593066647175515
2.0221427825632583
7.037708982510782
8.115921789162412
14.57489721790556
2.434455920298674
8.198675141517459
5.025292393409305
6.145276617433639
-0.5435831146718219
4.427617188829797
1.2348110804492207
2.556445333904742
4.947361587468767
3.621418311499376
3.127942344391689
1.9322627213159578
1.098564846979598
9.32179942923824
-2.671721050703914
6.863611080025068
2.536922500189929
3.6138840496495725
1.736911830842939
7.045334683570606
2.170559722679848
-3.88455272765784
-0.8609153026999022
6.552217254393242
5.124393378317994
8.158844369929843
-21.182536076923803
8.90368259718104
0.5388087501960545
0.9527252875122862
4.4954420532177775
120.0
-0.8176938160395907
2.852654462388898
4.420603513670952
2.470295355933984
5.3851096115549595
4.614893521006182
-0.02851100212304925
4.477365746181116
13.161054562006735
0.6790525007850203
0.9503795606124679
8.848699412333607
-2.65562613016262
5.761586392901397
-0.874108987175125
1.221700807724432
11.64284224085067
3.8445769538208308
7.422345798440027
3.290991185201449
3.228478395200829
3.2157975108474437
6.00198739907029
2.91425857098622
3.268331415788074
2.4904322190654375
6.07523761395676
10.830408728838217
3.3728410611586472
4.163101083513845
3.178964157749067
13.277897368965878
4.255457951373622
-1.2843457951322612
2.511706257409162
2.3294370790298395
3.9831810792344755
7.1806194733705
-8.437417523696116
7.556139792464462
-6.534491234281605
3.9071188708055473
3.683109778291553
1.1146484187064634
0.94344063903582
0.30241097167689746
5.641556297041584
4.920614382039813
-8.383288491144883
5.303177664856962
-0.036683927332894564
6.839289554213193
0.8227903354146052
3.207164542647316
0.9336869133526012
-0.2809824694145489
3.063222900776124
2.26671064367079
2.239833316794267
1.094509820866311
7.361180990287655
-3.7320540627506165
11.622311461421221
-11.478976154999545
9.346613677493115
-0.25411141204393467
-0.637791843566144
6.364672732065952
-0.9816700065129593
5.428977845465935
4.749166978419166
4.785210106319761
1.1634778436556878
12.023278811345564
8.510701332693124
-5.156500335736178
9.385781935836969
13.02417120193964
0.3915690705087355
4.0922044501385955
-0.8152666243598446
1.427112853016504
15.266860436117728
7.241416992741972
3.8708839639257375
3.9354792889875787
3.063333927824323
3.0844300098309065
-8.20591635068433
1.137647625755001
3.6514377219322647
2.5451001316434776
1.4983689281967647
1.9106837706918327
2.0606203178450784
6.411084437207489
-0.22254649838261356
4.127260885551652
3.287148956794246
3.2924167519391547
13.181517408014534
3.5347164981443973
7.630319174843631
-4.092700551744521
4.45201988537563
-2.1099037351681007
4.710682770597379
2.21684279375416
7.151912743819535
3.5711695088737994
3.824753159839477
0.4930515045924007
4.696719012333934
11.72082181451729
-0.28879063705481073
2.747237816531872
6.574264715172628
-3.8045669070600225
5.738433800028051
4.071905838495932
4.454611909969775
2.7979524621001324
5.131835741979069
120.0
3.087858143281546
10.819133482233614
1.7961236819976227
-5.834750557573357
4.605722726871796
1.9405162951645814
2.8210436402410726
7.650787667918004
6.166667714942422
-1.8198577019985767
7.721033015109336
1.3093538465799412
2.1498296928207985
8.025085779880756
2.9039179990838497
6.756899366587443
-9.482597474270305
2.804409852685707
2.482008037338895
2.6216956825277467
3.5352968299555303
3.989608627663461
6.766647157155651
-2.425521953448359
2.978841150517359
11.962053189718793
6.6113704349574505
4.732518040118968
3.581049650904664
2.2846923925864537
5.629126579358931
2.2689266025991874
13.711117354112838
-19.59597469214708
3.2288415699468764
2.6310109712532097
2.2146851527746327
3.463155756698461
8.615572599826526
0.7657964981130537
4.1427884205543135
2.6474965336498895
2.617852230366076
6.692775241330468
4.481051831653717
7.014054480459498
7.163307150773366
-3.2728031404027096
3.446006641216659
3.506330114881215
2.670092043263107
6.228581054244427
4.574426545840098
10.03332419172791
6.8307528306373
5.645453374988437
-0.4054766819721338
7.0146448413086535
12.22178896596182
6.352805163060295
6.991390985096469
5.9422872469087915
-3.7534893533394595
1.7322937467152206
1.9563342279851719
-0.5077928966329737
2.847022442111466
4.550515780624949
-4.369415226709628
4.814007543185006
8.286723737759488
5.0326241165475585
2.0978080627509
3.194337586796106
9.189751314607525
4.338432628975655
-3.881662497010211
2.028525592399464
45.49722383242039
5.764888976829838
0.789388022991657
5.0783772115111105
3.8276417780818464
8.312374540163017
3.587624700578723
5.486801847257771
-6.21861492416108
5.088775965298626
2.5611862576940223
7.5737061686583225
2.9391892283883387
-1.1824436212505647
0.9815815138897811
1.2138780689048714
7.717307907297134
2.2766899367027036
3.566099684156313
2.154422973022857
5.391634602159774
3.279321158269811
-3.3110345680880826
6.525107107350417
2.8381929376176487
6.758662591076599
2.330744415161309
1.3005896178065495
-0.05543978326446052
3.6079089342853616
-0.5849229636203731
3.3717355475770425
-33.74524991115195
8.111740738438003
-3.8014521838306767
2.455844129574761
3.342950030586304
4.178687952846246
8.967836960279268
3.590635553317412
9.706078023043341
-3.1816852195643643
1.7437852965994494
4.187646042320434
-3.348642825562556
10.17027304414867
0.3185325898675722
3.5696458604666055
6.960196392475683
6.655790834274898
8.529417568891072
5.595649216658811
2.1234650948856357
5.522890713437704
-5.6359109194965455
3.664508104454166
2.444223256755202
2.1205247896767125
0.7618706084071238
1.4339347123860162
6.5028189489637525
1.1976047197186972
6.4473546062328015
-33.935920663914054
3.865931494753978
-32.912982949740034
3.4521425155921723
2.7933775645176135
7.909284677103057
-6.784862817966779
1.211967816414032
4.646971094417456
8.66752174875956
-8.720818039251284
3.226910616225528
2.6732466408430615
1.633040359938891
3.398041354426486
3.5844930542608613
4.712040888716584
3.8693140738662746
6.321338212425098
8.906972139869396
14.305086928732914
1.802694702264753
6.915418684994741
0.37812695551304404
4.883042445914401
6.60018389349338
7.44200144999573
-6.499230397513918
3.907747047302361
4.410785555274051
2.4287011281880253
7.476739162917937
4.186059396916091
-0.28770137873255236
8.806139393446227
5.669481449727072
-3.6230477092011286
2.9575099264988927
1.7669384006050144
7.363594012345664
3.124653602817103
6.755619852400413
3.920458138710188
6.747132708918285
3.1518789628864887
5.184761094017943
2.9001370639247055
5.41142372578324
-2.795220517386989
4.216228667708126
1.3100000807078338
1.6631541652720256
7.901550584846423
1.67017796195209
5.38040426946354
15.076727121727505
4.372160797425276
6.265781603641956
3.999696639541077
7.930010720054896
7.389390494065143
5.020140140051234
3.9748220744644263
2.151957352050225
6.974706099293326
0.4138612726082601
2.487897438599441
0.45174831014484557
1.7189640939207769
3.7721973977187324
2.4087837418510216
11.418290417625283
2.586152253195196
120.0
9.223081072594889
0.02055901492800525
5.505702970957806
6.434458528470277
0.6901106750900332
5.849655508750588
1.7003809311215776
2.8278040238384046
2.6907941855285515
4.563974902836806
1.7185232549372687
11.339685486453025
-8.015540233920506
14.730808242717814
12.356650218454467
-3.39635690436117
3.0230164106453916
8.734791620653528
6.871022091670868
3.623727447189085
4.80694269076767
14.767805069776012
4.936131296018539
11.509048019110246
0.4670162919502179
5.6396281489892
15.817211500676457
-1.7049642615728324
1.42665542978482
3.4680088393558233
2.4683118745052672
14.298060476366993
4.610471201529605
-0.8136670846456274
8.821107851596837
0.9691082194206667
7.090633572832216
2.013839869454612
3.1386844186976375
2.588633630852038
12.70475634983457
3.524382910840237
-3.859007134297251
16.847299084372903
6.347204231900276
3.275168875050235
5.333173653797394
1.5276759313109052
2.882642501109949
9.57560921583995
6.915368636779691
-2.8481263753592483
9.187870323067402
6.602596236219076
6.541341538722725
-3.6475584936852385
3.5924944518413446
1.546056924076507
2.24439129712825
3.2248950464132746
8.534753501030785
3.8252543518436104
8.713936725151699
5.116465329761259
7.535329863083395
7.251143288897478
2.6038395948716673
12.526946499778319
1.061902996208917
19.446155305146267
8.196727127168362
-1.403082147732699
8.928982574093792
6.8618066937866855
-5.672556097823065
4.210170595507422
-4.503281380286643
5.544582262414851
-1.0775001260278887
3.472261727668905
2.555776863717544
5.7719107549259485
2.3352519221823385
4.6060627757531325
-9.392516936346206
3.4202522099860877
1.7008572077623456
1.1330447300686415
2.6362252770516306
6.593974426947312
-4.326327719332128
3.465663464045953
1.6942508608369373
4.071034378901412
6.964560252398087
-3.7292960527626855
3.4605688698384522
2.531219661357926
-5.763409093221178
-1.249642408041024
1.0882745743923772
2.241985141984809
2.4072977316035233
13.376087666375797
11.324977670355695
6.90119433095395
5.724462785637519
6.5980379559923925
1.0762312156454528
9.065117220185371
-0.43258609507574036
7.517263351166696
0.055516878743650945
5.270273852228351
4.67129117774719
-20.90878506316265
0.9722606088639814
8.707212381716808
3.4689793816523764
4.9690123420313075
2.420140708043663
5.985508989186904
2.1893428682617397
8.89592927914965
-7.10097102366167
2.6345321646690523
8.172375502854534
3.746779001150761
8.051529266788473
-6.844612511583108
3.959037246931366
120.0
4.760848014053002
-17.367669792999116
2.6700884994229757
-9.308886457695749
5.19867449066054
2.9285357899803497
3.2650166899591566
3.613321784785251
2.5415985158261982
4.702277079936904
8.420198800985903
6.409981843270415
-5.940702923727582
5.192814276712891
-9.167999722054697
3.8046608197834955
1.8528226113814428
6.689288790287363
11.687503703879617
9.625013785323075
1.7953998493852095
4.279141410910048
5.152901821964261
2.539863661505188
8.944746318913356
9.061682781922205
4.423629235819547
5.646493619222657
-0.6722695285402971
6.277605908923855
1.5986538855741292
1.850647435034109
2.288046434804812
2.3854756182348025
2.3367703692024375
14.041306981006601
2.1188241351430563
3.2244649695875585
3.2771180073596677
2.8252653954021545
-1.696621273335875
3.603532968303664
-8.512418949914755
5.528956969799697
120.0
-17.491281009794296
4.705867673156013
2.458284826146053
3.948810451668533
4.546472636078772
9.790159543239854
0.4455390186514908
2.994468267306985
1.4703596128254857
3.400148326364405
8.028505985130238
-4.021493829375052
3.0235554916755802
6.202074343874991
6.439198716495514
-0.554771787292798
4.164076588535607
13.25221748625051
0.622148483460248
6.331856919388683
-0.8301984713327877
3.3749647591504446
2.551455420156541
4.427576495605136
8.510686255975726
2.1277738771148873
5.575441773614459
-0.8093312894565967
4.992038442595932
-0.9484817680063586
3.9135564015742914
11.741314828032667
4.409637131530847
5.3735869414843
-0.04268878630436352
4.611436341557054
7.663906365735605
2.9570352489979204
7.454692068318522
3.5320588131959085
1.1364240549990712
5.145260783034644
-36.286163203768695
2.5232857875675383
7.438518266951347
8.423890284921782
3.159445119184756
13.650804632713294
-3.2643351060039616
3.769297126681223
-0.6858319254014242
3.412442106188079
12.04485573978795
3.7288268476433397
1.4756035857734942
4.611753198656633
3.453393415707744
11.017388672915331
8.776738301686127
3.0169646420080394
10.755296329661991
2.230178899056344
4.948936902849699
2.2154261684762964
6.578315218012964
-1.7453515001172955
10.118543040926044
6.5809146253213315
6.204558748404569
4.11972728171485
-0.5008425363507704
9.079705350897067
3.1842037969869357
4.405481960126939
2.801748143622494
7.351571970780394
10.859364079003932
3.466063289762402
2.9941463796219185
5.892765228255883
-2.507209281370054
3.630194310610186
9.510994059484949
-0.5257436632984402
4.431752321152943
6.839781761015833
-3.6358220874148564
18.958483556353336
5.439995437993265
-8.257388807291218
-0.4889067114683044
5.900518613702037
6.357045115163233
7.9212033828533865
-4.52362243653378
17.103485896113806
3.136549627937882
5.4264951840930955
3.569342896452544
7.046018619666255
7.325803376507465
8.795939206770962
7.048688939770573
7.624880325385834
6.147414517059268
-2.4400117520241014
4.0349651480842175
6.484691590550783
-1.9001110047752354
4.670831988004541
-27.07084034528679
5.671421188307721
-0.3270414954191443
7.872673857524094
-9.239462407150118
14.461086193880055
2.1257418142785776
-1.2286434445621972
4.279111555736517
8.82714351478735
8.0174652860816
7.519738908555016
-3.83402922154117
-2.4626303789173933
10.145401521591285
1.724280387859736
1.0989326398975032
9.18438086772855
-24.894503578074023
7.076093447595883
3.3052840520750304
-5.113973156112618
2.2041802642123915
-0.891449043215557
3.548177984964226
2.5783555610332867
3.764157529222126
7.866003737763699
8.67481391961007
1.4157814161590014
8.591727179962302
2.944713254722008
5.701124875557475
2.9183591056018563
3.2239317083877004
5.985771141552176
0.5510937844861308
1.0568850649064745
6.08171086826581
4.403765098533521
4.422798876433779
5.89492579296565
7.833362653206754
2.6875570411673793
3.2431915233705255
10.042742604586373
-2.835752646364828
4.101082041624237
2.872417256552947
4.394266234761199
0.7669571430592469
2.0890637505387923
0.8851077606184294
1.0479798534303217
2.1184201021960756
3.45635832707114
3.4057885432396486
12.933218922347276
3.283135381959381
8.45025766664744
-5.666531073751369
-1.1364938549165688
120.0
6.943152871007394
4.282279091593776
120.0
3.3285845115620654
7.685875109403886
0.9426532285073209
8.863725359546457
-0.20890496420214658
4.313299376188863
2.610079223864401
2.001038110806318
19.45111457145516
1.0563606546429156
1.4968749028873993
7.965985364729087
-3.65478345021008
0.7361472848674384
11.71847641089974
-3.231785173455526
5.720650348478171
120.0
5.6898701462972285
3.317433863068493
2.659351277017022
4.914820468127156
4.079669030784078
7.389171529869238
5.808321221512575
1.456654088729443
1.8149565127101077
7.599370451707945
6.351093185111125
-2.686549661407241
6.621511277812413
2.1551368649754665
4.8511933390009885
-1.3430914480842238
3.572561709420828
5.346164448067178
-9.879103678377966
2.115710107962111
-2.506254111358964
9.386933425431916
7.4460432919161335
2.830776567631257
4.043943296422684
7.031449468360522
11.846117087440565
5.0858555538816805
4.858863772859732
6.945773015749148
3.4035781074502895
2.925435040312463
5.453801132522099
4.206214699574192
2.333936906360612
9.911810445339958
1.9361407320113555
10.22938629887447
5.498009599063353
7.428202493702235
8.420011579937874
12.053600956389937
5.757000017504853
7.548704508847164
-100.0
2.824331397274535
2.5249250594430346
3.7893914830517446
9.306063810728553
2.5033246948385153
6.099929120921152
-11.162799765892672
4.304101302895156
4.553558898051608
-14.61068250491249
7.621468572411646
-0.281165590986925
9.50238637094931
21.96132262317253
6.312575602268087
-7.126018008807348
9.79405522622185
7.418420891061955
-3.017026669798483
10.112130264860646
-4.072982644403446
10.471477437570607
1.720491695575684
2.8112583027070963
5.352451754935535
-5.324758788511774
5.362153760884204
-0.1823443152237056
4.889671616446853
8.31785727940352
1.3993651754911043
6.968834267355473
-2.6387584205638612
4.4230335652916235
3.3649542411321485
7.809214183392169
2.9196203484100147
9.327126642434067
-10.854038308076845
-0.28640704024483826
7.195909303740355
8.138677555559552
0.8573183967500323
3.55527332879941
0.520359022240082
8.637038833000116
-3.6757415309307357
10.370322912728403
-16.062606423224373
9.812131499545494
7.872059423556287
-4.975178441187401
2.1413120450049075
3.3817095459866273
7.9914545171559555
6.539265432962888
9.389193410439535
10.841122597308246
1.4631096043136096
0.9949587132877908
7.505378040553189
-6.996983182751034
3.0270067486953534
3.975057940267597
11.153267760096583
1.1406759991953361
3.346514909212526
8.79586877436038
1.8875189927171445
2.3145949352149486
11.891818891267516
2.566437768710424
3.838465086798155
2.528389614117522
8.90234836999344
5.223848445543376
-16.691973079899903
7.4224578647097
-0.042333979725685776
4.555697549624568
2.237764864543982
3.531557496423519
3.8144680710661754
-15.6385562034121
2.8045781205360094
120.0
3.113169044514804
1.066009555842068
1.9651710333687449
8.578975876448704
0.2658781367471731
4.158354850652817
7.34941271637449
2.4976971863402437
7.238411057054627
6.687968201247017
4.895902637892866
-5.354874432221875
1.9243231935753184
6.0309354866000495
6.106008863873453
4.220885921243872
1.0300570935167932
2.9084407351240005
0.6102162659825487
3.35025255165384
2.0729457212714095
7.171039516505679
-3.6469516080939526
2.710022570898594
5.360916780493294
-12.595171819818136
2.575496787912389
5.251573694236094
18.717994817498557
-2.117787357066917
6.3950844816948855
4.164858167504756
6.007448066913019
8.297144221692887
5.056164394673862
11.483717006858914
-0.8614362208891303
7.193165720565405
-16.57347777707922
6.459313939190725
0.8545543640159298
3.569351511415591
8.188137440443212
-3.8411618600980093
3.433081668905063
32.27632037595517
5.945877382701012
7.523567212378289
5.854531724250043
-3.401648656085429
13.542944924944027
-3.832225064987135
3.0017765797943667
0.8146744284737519
2.0643782401800803
23.23847991971066
10.35112494622081
0.8501570596454988
1.1739902386102647
1.8930623685235488
12.491531736379045
-3.725969226222453
5.079885725834061
4.700376199858815
-9.936470633521267
6.738505001439075
-34.73731114917428
-0.2192255987256795
6.40538497173495
5.4927241515422045
6.428869248582879
6.886724625031562
1.543981520037708
3.5148808262044606
3.62385453637022
4.405511884745173
-3.8302635605830986
8.27762125402033
-23.92455274984801
8.38466410133006
1.5476204957041189
15.851327275654148
-3.856926986876554
1.146779362478165
2.84188281101925
4.49225530585425
7.360255073422076
2.6879616470647902
3.139773468934475
1.737940981436842
43.42865950976554
2.9790787329270656
9.216634029856873
0.708726510203854
1.6842675171377213
10.051370640503581
-0.7881400128116697
7.11479458595968
9.009114895503153
-100.0
5.440315033175647
0.8308586923184522
2.0553296639528678
1.8798324609410608
3.740312493650183
3.623117604560232
3.564774670360743
4.58472095363889
2.9715819004799213
0.958038869713172
1.7775897085948362
9.424687155220408
8.303440449585567
6.877916500512042
11.240099321541084
-0.9844229883167471
4.273892183211558
2.0262289402218547
2.091769512846853
2.1942418690455807
6.2310699482314815
-3.8132477695187235
0.4963161864390184
4.7776957698484885
3.4631154639021555
7.173979344975277
-1.9225577515080698
5.724694147342886
3.0890828767099427
3.475026223572539
1.2476082802137594
2.968032251076968
5.162537304896287
1.0441565498188783
5.4593714929467225
10.060408493587397
0.3771146481620624
4.322807302425889
7.397558030083568
1.7574578501770535
6.301446257399646
7.04640944638988
-1.519758944326518
4.58097751858851
5.747171658543398
12.297666678011177
-2.299387371263166
4.603826964109201
5.840681748038182
-7.760105171272402
4.102044226946591
1.936455254169701
2.154470820573249
6.4721587857187695
1.2620494242861968
4.273614460255496
9.158380948769262
10.350683710882858
0.6242407079141675
3.6079859588284924
1.3038961842815
1.0204689376950795
4.892069222738657
8.478040452469902
6.123523032550649
-6.848700307663877
9.935724574649086
-18.06385746461178
4.057443155582105
3.3719722407588995
2.8577100561601
2.8042740979303384
1.1940961001747814
10.781931732084209
-3.3286020741019082
8.12023591069879
1.8420964177510466
4.063197900757432
5.353620702962291
7.339854877650713
-5.382537698048242
9.081445609125547
7.239290340366767
8.10883147109162
5.448373363656774
3.7481276295339683
2.7624873711619617
2.629957313310364
2.26634583615973
-5.478594839879951
4.670113661450734
11.119011311845803
6.711396517939097
8.688601452540942
-2.4803027683269927
7.091478413540388
-4.767628339316706
5.529942736900933
4.884259556345706
3.1202026184777925
7.834127126697469
7.948469899356688
-1.5946929891652848
7.799677579648426
-6.164107321541681
3.6429903325638313
5.046584225502775
4.567805238346196
7.480949492725027
11.123163567213378
7.0851024787875305
2.0365551021663766
4.398798778866339
1.0541814859240288
5.43537432889804
-9.533208582750063
5.1448557529163255
-49.944231153696464
1.734276145781362
8.113570283917433
-2.7519286874112923
10.287722463369487
-0.911203700883527
6.319015100855918
2.767847608901145
9.037171248768018
4.449376882823362
7.219123873822461
-1.693419966114661
6.66382635949313
4.852508696524401
6.592605942908602
-15.490016802144607
4.828446289070736
4.4003009378197495
-5.1281399528118365
8.350313657335642
3.3765280827657578
2.4874729510142553
6.184316604528751
-27.973877661934086
8.323011648482307
-4.486122806065445
0.2746108354247547
2.850997844217795
5.940915196808472
0.8881748558987875
2.6145804233757417
4.513779065749854
-51.17005780591695
3.368160697272966
4.2411736226955945
6.964509274118441
5.282037075826448
8.208209957228098
2.3431961318854455
2.2298936477618736
0.8537041065353951
0.42370548703858946
9.02299642362417
5.114182491096919
6.871418819581705
7.306810922327696
4.222694590722084
12.311861622646804
5.048987248450009
4.0093038607233575
3.0678742758772404
2.2544839613449086
5.479650028841152
2.207490508039731
4.086167848356638
15.86534459958879
8.431128037698052
4.719997564044958
1.7674698930350654
8.14954219248273
-6.326235918584429
1.8358620941444748
2.790654667396049
4.487707560729879
12.076459951133572
3.358804975153746
8.661837392084399
-1.9859978594144427
4.216955400166312
2.7309543172569346
-0.886928367922942
5.668004499574642
6.709695450934536
6.427919208639244
-6.083498582821236
5.146105921928841
0.15013849587038858
5.524113364023249
1.783153395466843
2.7208964461955114
2.516263037388416
11.396502604588452
8.91317383093004
7.626727877023841
9.085568224615818
4.218088703334738
-0.993709261276358
6.615623717322715
2.2065800333190433
2.2498041634992076
4.758781217490025
0.7814420159983206
6.397398112722654
0.768334927891765
5.773405678253962
8.003786502612915
-2.1668775808456355
7.522951197149385
2.1114434519394587
3.810609013567231
4.947047908023284
0.6800679482579501
3.038706190190673
3.410129943108558
9.273473949412791
-9.145758659974497
2.750562853149958
8.00645875281113
-12.009413503961483
9.61547862765002
8.2258671507126
6.404449049866633
5.203242095898861
2.5605264031360515
4.52663349727591
1.9264785243942344
9.496621329006926
4.199663940999925
7.892822988877101
6.53134519143716
-3.0095335856064844
3.4529574115888924
2.8779643771767924
-6.857630036709242
2.532312035549121
6.273447609416341
-3.6136744342733116
2.6319282907717247
5.086406821060919
-1.2677687865345786
1.3461974381886164
1.6195788260297308
8.167109603681936
6.267699376430755
5.3874921759325
-3.627025420497775
3.2697306945183935
1.2229438339730359
4.629508646087559
3.6301842193033402
1.964123193061843
0.8492192472151924
5.860681445612289
6.135278403865749
2.6495946604503384
3.346297556296915
7.384197970091644
6.48105928363207
-1.313038029740804
3.107228896708691
2.91290416096966
10.654076031042568
6.466276534661257
4.83195368530208
-2.6561676236701683
6.8400143199692645
1.8883404547023386
1.6725271042025178
11.617394384073084
1.3417196949643377
4.077380756121554
-1.3002107893991952
4.185996431715446
11.269357531921715
-0.9569676824362178
11.647313978691788
-8.280182416752533
9.375385390892475
0.4798747715752782
1.9112580091336968
3.1221311058731054
-3.419790393501323
16.71988275530403
2.42355899630042
120.0
5.10298971473601
4.819639339965899
-0.445644835432099
2.390516425875921
9.836121330946803
7.890076966216333
4.048984528046062
3.637703809798401
6.472516521961721
0.14026828024573185
3.4132790563443756
4.93885958231743
6.904496078506142
-4.547756015739531
8.755537944547122
-1.8367983102636052
7.581865426345091
-11.911358151648043
9.376641902209085
1.2755930469076595
2.3215008338564127
3.201686557512156
1.89839757866668
5.317365831995168
0.36410201888754856
6.077538706114013
-14.788222092610582
1.64399582587899
7.216571496299557
8.091820630470773
6.088382045367343
2.7762239948784737
3.4649856364849723
9.559664066535172
-1.3082172644775725
5.3659357292393235
1.9225956367003905
9.476174278001526
3.9445244816493172
1.8019738524520692
-1.846286919280908
-3.7528534243464913
6.701080778502121
-5.43548897750875
3.7053464345289178
7.201271304154728
2.2079894215903
5.356332330092184
3.186689961375576
3.0756474784357173
5.808758347188524
-2.1434470892024784
7.443311495014155
2.979018034418432
17.066430844925797
7.092887484501016
1.4201068339302543
4.0931619843264375
3.1648786192844898
12.196804524744342
-4.785408672836371
-0.6837072208575536
2.5741830777174703
1.923879660322316
2.301058012188546
3.710770798347103
-1.310525891906033
5.797821845259063
7.167308499653895
-0.3818340625153509
6.8665944407482895
-26.195727124229162
2.4791206694281915
6.232122464618723
6.231005123571121
-5.471107203293543
1.0047107099180281
6.026000107532914
3.5758060029835286
8.346610454676572
1.2071580005759006
2.2351358292210834
10.467592393672161
-5.064589594749917
10.24693643919493
-3.7852098932091365
4.843912422410902
-8.239278674997882
3.296084488697747
3.595780028390098
1.9632183029719357
3.194765546642996
11.012223969001358
3.1069075688164074
6.702779176729985
2.6416362590275817
8.620462198566962
-0.6808702162595397
1.9181813587691714
4.583249109600234
5.976268259399852
3.330491799212314
10.3194199562388
-100.0
3.292754875567187
3.784226847616517
-0.9373016447306778
9.469572545544898
-6.3174117315175575
1.8350553222438606
13.183586513309637
2.9018824150713614
3.119758395931314
-1.7837549046422068
2.467486726875357
-20.650585052062834
8.452014633913361
2.1044490094911077
1.564861548164886
5.617060811941553
8.183901537492149
3.91690308196755
2.814077638809782
7.202604999378861
-1.9961762968406687
0.2700671477646646
1.7654897643210212
6.700576449094647
-6.851933316994278
3.584863566825708
1.4023174327723014
5.676051940926815
8.330562574722773
1.0573872296228235
9.933336176582968
-8.267400379698012
3.0061041286046706
2.991740410215835
-0.17345755651240222
3.4130242437100464
6.454223882079775
-1.055056067708038
8.62860115276982
1.0864368199511
6.039002892788923
1.611753828441212
6.791922484443785
1.0660399991500402
4.503626415902264
-0.3994861639210073
2.8551911397401644
5.856856488194593
5.784876250422819
-5.297579101128229
2.2910750474208483
3.124857288574008
-16.49757434138105
4.423954819080556
8.820180870313257
7.588721092483007
1.6810052027632236
-0.1296136793438294
3.0025640860500094
6.031248885990077
3.2842895404159007
-0.5746840157716063
2.783750931724117
2.434464998321551
-8.714693339661222
6.480214243693581
-5.04860057014622
-2.3054107818039022
1.0812371711229902
5.281674359324664
4.365531605814095
5.438082430290314
2.608896067583836
-4.615333775132854
3.4749113392628743
0.22558762746592026
3.421235588397951
7.985921070772507
-1.5723309772371732
1.7116458981419438
1.8142195347763932
1.3631950168164415
3.2296983254888563
4.698090258215947
-0.7176151827393156
5.354352494874555
2.1212015928701833
4.149528006085715
-6.377659376555464
7.428428509621036
4.9132462208883805
6.784433153931822
-4.9681052199932045
7.231852741185728
4.669038796115078
4.9551288708688235
5.715722177009097
-2.7304367186237744
-0.8707026950910225
2.743290689624214
1.2235447139833617
4.61922325541377
-12.315570025790814
9.615734741204685
1.2704651527019621
4.028705029231865
-2.0070366452082227
1.6407126958727658
2.4368795826345173
3.038847902163088
3.9273524079410302
2.506655842089177
9.41877216851687
-3.7962370537679577
4.09300969072987
4.086385344134329
4.4362455124187035
3.076817043126251
1.5961182866202894
7.019519640394598
9.405377323548711
4.237363648543095
3.9966988660355063
2.803950147229201
10.218467887898449
2.52455824462237
7.102828772154999
8.659343940357004
6.614254655780395
-4.181150467413105
3.1092647555584008
1.7417034025557494
2.843363490704508
3.203640751770726
1.878518787361483
3.901976229446688
8.445669936927732
3.295683815100528
0.9596017687078314
2.3577547928959506
1.933251796957803
3.3697397132745994
1.5587329586872358
7.228923923469864
-1.5253774499911175
4.838364849481575
3.0782546091007634
7.172528858295215
6.2439467247588105
2.4768443631379404
5.704151877853194
1.196357511313268
3.903497460683816
6.579980014990741
-5.489547894650699
3.291237498796303
3.8086629794645095
6.262642197721568
3.6014111792119206
2.7496189131100044
8.947450590285612
1.07325157051527
2.1268746477821994
1.0466676536358164
3.6386887952993425
9.834174424300786
3.453383403322495
12.709193021808359
7.883784244873347
1.8419165624917464
3.0880040310636647
-1.8928826277838278
2.209899323344284
4.320460345327262
2.393707699817917
1.9719082984441052
12.025221771166233
-50.89081091656429
3.8501752959815634
2.1367429959078357
9.951948425005506
-24.82423047403651
6.715823073830208
1.5157546845565282
8.732989005741427
-23.780407993775015
9.157080592894658
1.5003404648634597
18.82202263496426
0.6837641747392607
7.575034240663094
3.339781371791347
5.332784457898287
0.3596323626190442
7.446197098109326
5.558845468708916
5.758734411882032
2.3178232670725354
6.039690824027367
-1.0198916123791586
2.4133475556176
2.9295369963210947
-6.799451420047379
4.059263061283035
3.1867578623322808
3.811062818060882
8.827672215805677
6.415209397649668
4.592996505634422
3.409417312757156
3.423385159590073
-6.542530322587248
3.923223845797868
0.3948472239621255
4.121172400873356
3.8314598336533896
5.409483574932824
9.442448789949452
4.405680810545938
-14.460269424965322
1.6079059262919142
1.6255045908129238
8.19687260265864
9.376662824222887
4.470865628193278
3.8416249860721345
-100.0
9.017178304059415
0.8094216291637856
9.844820786818275
8.023305200553631
9.39206036004363
-11.462296270981888
9.70421222679037
-14.576540775145727
8.092901531292366
2.2334479898770714
0.7189122631355029
5.464827025210916
3.6687740875012267
3.991754659784108
4.435501238439311
2.9088936235837726
-1.0619329484705389
2.79384982353521
3.659733730554916
5.439550605502886
-28.467283987023535
8.299026138453161
-1.230086052103028
7.410911133415116
6.795527442355875
0.23124429310681743
5.569441594666934
8.271443306636042
4.349096812990954
2.090181069627585
9.959188664207153
0.526690157952594
3.3459342236036846
5.604875420578669
7.333662189722596
7.113793585624916
1.6375739710851132
5.632964097520157
1.1568981722011886
2.9016151321422172
4.702285828292304
5.405679908276058
-3.6642646041103832
9.931158794290678
-1.3129430425339268
3.6857216112407243
6.964801341282561
10.257458139994087
3.729876593695135
5.629441218211139
9.36643840938319
8.244542976777414
-4.328369712367301
1.792708743604389
3.430069907527035
7.410338439292573
7.009486314561044
2.024807732149366
4.946841723691053
7.799752974941624
0.8386891692974211
8.620041340123866
6.447772879478541
3.640428758648874
1.5655299532006197
-1.2348511668997497
6.9335533802313165
6.366416705017368
4.056835096496763
0.8520711401118196
4.918603373387844
-12.299062172762204
4.317192310069811
5.864557565359658
0.7361599871025797
7.251428227716037
2.577710199418868
-0.5966040005800198
6.071582665272547
3.7579928607376436
7.364211519879345
5.753913144525086
4.974586240093335
4.3223885451883435
4.965257234856654
7.182468615650931
